В- [0]
З- [393]
И- [878]
К- [663, 762]
М- [504, 842]
Н- [369]
О- [137]
П- [172]
 - [5, 15, 21, 23, 27, 34, 39, 45, 48, 53, 55, 69, 72, 83, 86, 91, 94, 100, 109, 116, 122, 125, 127, 130, 136, 149, 156, 164, 171, 175, 182, 188, 198, 209, 219, 227, 235, 238, 245, 252, 259, 261, 266, 272, 274, 277, 288, 298, 306, 308, 314, 325, 327, 333, 335, 338, 348, 350, 357, 368, 371, 376, 381, 392, 395, 404, 409, 413, 418, 420, 423, 434, 444, 453, 459, 468, 476, 483, 488, 495, 499, 503, 508, 516, 522, 531, 533, 535, 544, 546, 555, 561, 563, 565, 572, 574, 583, 590, 593, 599, 607, 611, 622, 629, 637, 641, 648, 654, 662, 668, 676, 682, 689, 695, 701, 703, 715, 723, 729, 739, 743, 750, 754, 761, 767, 775, 781, 788, 794, 800, 802, 815, 823, 830, 841, 845, 847, 854, 858, 866, 870, 877, 889]
Т- [591]
(- [62, 103]
)- [132, 133, 134, 135]
,- [20, 82, 115, 244, 258, 324, 467, 507, 714, 814]
-- [702, 801]
.- [61, 170, 367, 589, 661, 760, 876, 898]
а- [17, 64, 76, 121, 140, 146, 158, 166, 169, 193, 221, 234, 240, 243, 269, 301, 326, 394, 398, 433, 450, 456, 491, 497, 501, 505, 514, 524, 528, 548, 560, 576, 588, 604, 610, 621, 625, 628, 643, 656, 665, 678, 736, 764, 777, 836, 838, 843, 865, 875]
0- [102, 126]
б- [35, 49, 92, 104, 112, 253, 405, 486, 525]
1- [101]
в- [12, 22, 52, 107, 145, 207, 210, 231, 256, 286, 289, 307, 339, 349, 408, 432, 435, 447, 477, 539, 545, 553, 573, 581, 609, 653, 747, 831, 834, 862]
г- [74, 139, 162, 225, 354]
д- [28, 128, 157, 214, 223, 293, 310, 343, 351, 378, 439, 603, 608, 638, 655, 683, 700, 782, 799, 824]
е- [7, 25, 32, 41, 59, 67, 71, 80, 114, 152, 155, 178, 204, 215, 250, 264, 283, 294, 323, 344, 366, 372, 387, 390, 400, 429, 440, 448, 451, 485, 520, 550, 554, 578, 582, 592, 615, 681, 687, 692, 697, 727, 780, 786, 791, 796, 828, 888]
ж- [31, 185, 213, 222, 292, 342, 438, 519, 596, 680, 686, 726, 779, 785, 827]
з- [1, 47, 65, 143, 237, 267, 502, 602, 614, 644, 833, 884]
и- [46, 54, 57, 78, 118, 142, 154, 174, 180, 181, 195, 202, 217, 229, 236, 248, 260, 271, 273, 275, 281, 296, 303, 329, 334, 336, 346, 389, 402, 410, 412, 415, 419, 421, 427, 442, 482, 493, 532, 537, 562, 567, 650, 690, 732, 734, 740, 742, 745, 751, 753, 756, 789, 855, 857, 860, 867, 869, 872]
й- [14, 18, 167, 218, 241, 297, 313, 356, 443, 475, 722, 822, 886]
9- [131]
к- [8, 42, 51, 99, 106, 199, 220, 255, 270, 278, 319, 362, 407, 424, 454, 469, 496, 498, 509, 547, 556, 575, 584, 613, 623, 679, 716, 778, 816, 848]
:- [391]
л- [19, 30, 60, 110, 120, 168, 201, 233, 242, 280, 411, 426, 455, 541, 557, 569, 585, 618, 624, 639, 664, 685, 741, 749, 752, 758, 763, 784, 826, 849, 856, 864, 868, 874, 882]
м- [26, 66, 230, 251, 517, 538, 543, 571, 616, 691, 696, 724, 735, 746, 790, 795, 853, 861]
н- [24, 33, 70, 77, 81, 84, 141, 153, 159, 160, 179, 183, 186, 194, 216, 268, 295, 302, 311, 345, 379, 386, 388, 399, 401, 441, 478, 492, 594, 597, 645, 657, 658, 688, 733, 787, 829]
о- [11, 29, 73, 85, 88, 98, 123, 129, 144, 161, 163, 187, 190, 200, 208, 212, 224, 226, 232, 279, 287, 291, 309, 312, 341, 355, 370, 377, 380, 384, 425, 437, 445, 470, 472, 510, 512, 518, 526, 540, 542, 570, 598, 601, 652, 684, 699, 717, 719, 725, 748, 759, 783, 798, 817, 819, 825, 832, 852, 863, 881]
п- [246, 263, 506, 617, 651, 730, 844, 880]
р- [63, 68, 75, 97, 138, 173, 192, 247, 300, 317, 322, 331, 352, 360, 365, 397, 417, 473, 481, 490, 500, 513, 523, 620, 642, 720, 731, 820, 835]
с- [9, 43, 58, 95, 119, 189, 205, 228, 262, 284, 315, 358, 373, 430, 457, 458, 484, 534, 536, 551, 564, 568, 579, 600, 626, 627, 666, 667, 744, 757, 765, 766, 846, 859, 873, 879]
т- [3, 6, 10, 37, 40, 44, 89, 96, 124, 147, 151, 177, 196, 206, 285, 304, 316, 320, 359, 363, 374, 383, 431, 446, 452, 471, 480, 494, 511, 521, 527, 529, 552, 580, 605, 649, 677, 693, 698, 718, 728, 737, 776, 792, 797, 818, 839, 887]
у- [50, 105, 184, 254, 318, 321, 353, 361, 364, 382, 406, 479, 595, 885]
ф- [16, 165, 239, 330, 416]
х- [87, 191, 211, 276, 290, 299, 337, 340, 396, 422, 436, 489, 647, 660]
E- [707, 806]
ц- [265, 328, 414]
ч- [56, 79, 117, 150, 176, 203, 249, 282, 385, 428, 449, 549, 559, 566, 577, 587, 755, 851, 871]
щ- [837]
ы- [13, 36, 93, 108, 113, 257, 332, 474, 646, 659, 721, 821]
ь- [4, 38, 148, 197, 305, 375, 530, 606, 694, 738, 793, 840, 883]
э- [612]
ю- [111, 55